50 112
1 2
1 3
1 4
1 5
1 6
2 7
2 8
2 9
2 10
2 11
3 12
3 13
3 14
3 15
3 16
4 17
4 18
4 19
4 20
4 21
5 22
5 23
5 24
5 25
5 26
6 27
6 28
6 29
6 30
6 31
7 32
7 33
7 34
7 35
7 36
8 37
8 38
8 39
8 40
8 41
9 42
9 43
9 44
9 45
9 10
10 11
11 12
12 13
13 14
14 15
15 16
16 17
17 18
18 19
19 20
20 21
21 22
22 23
23 24
24 25
25 26
26 27
27 28
28 29
29 30
30 31
31 32
32 33
33 34
34 35
35 36
36 37
37 38
38 39
39 40
40 41
41 42
42 43
43 44
44 45
45 1
1 7
2 12
3 17
4 22
5 27
6 32
7 37
8 42
9 13
10 18
11 23
12 28
13 33
14 38
15 43
16 14
17 19
18 20
19 21
20 22
21 23
22 24
23 25
24 26
25 27
26 28
27 29
28 30
29 31
30 32
31 33
32 34
33 35
34 36
35 37
36 38
37 39
38 40
39 41
40 42
41 43
42 44
43 45
44 1
45 2
